"","Week_Index","Quarter_Index","PX_Last","VOLUME","RETURN","PE_RATIO","Dividend_Yield","Price2Sales","Price2CashF","EPS","ROE","Debt2Equity","Current_Ratio","Quick_Ratio","Gross_Margin","Operating_Margin","Net_Profit_Mar","EBITDA","Free_CF","MA_7","MA_28","RSI","Short_Term_Return","Mid_Term_Return","Long_Term_Return","Short_Term_Return_Category","Mid_Term_Return_Category","Long_Term_Return_Category","Short_Term_Positive_Binary","Mid_Term_Positive_Binary","Long_Term_Positive_Binary","GDP","CPI","PPI","LongBond_Interest","PCE_DEFY","ShortTerm_Int","Market_Index","Market_Return","Rolling_Volatility","Rolling_Beta","Rolling_VaR","Rolling_Sharpe_Ratio"
"Week_Index",1,0.999687223282308,0.267772475025501,-0.00556695956255422,-0.0049886945556758,0.0556526583522377,0.0391958894309626,0.117308367664646,-0.0616023319536254,0.218703492482272,0.0851798066320357,0.0798500963270191,-0.132866199111966,-0.133021376403224,0.00284985635737531,0.0166458500201072,0.0498267760229446,0.145574591210605,0.097144692441285,0.271335925922665,0.262670734719685,-0.102549728149688,-0.0244656819157194,-0.0749457052587577,-0.197436746952427,-0.0246678227475243,-0.104183038823323,-0.234557704543943,-0.010601772930438,-0.092636505991147,-0.217284434648119,0.0211649805392262,0.688150888866633,0.494158137304767,0.252071016489466,0.714533807796628,0.625211667883328,0.947016840493077,0.064648799344126,0.429898252386275,-0.0580450672819165,-0.39014732683429,-0.0937457396449818
"Quarter_Index",0.999687223282308,1,0.267767785965931,-0.00570672088298566,-0.00381571335960831,0.0555299904186112,0.0392061716549371,0.117283646492437,-0.061522974041785,0.218806930286157,0.0852367859146422,0.0799141378646166,-0.13292571250696,-0.133086226734143,0.00285587208347321,0.0166489175632723,0.0498655014744905,0.145631581111438,0.0972172734421127,0.271240499133112,0.262668016998368,-0.102466911902939,-0.0239108494432422,-0.075522690362078,-0.197269969434797,-0.0242992945354006,-0.104772430422909,-0.234401351262281,-0.0100246293590085,-0.0932469047381841,-0.21713472592658,0.0211669343681589,0.688291083854802,0.494500438353713,0.25097401181244,0.714583921931771,0.624310336215639,0.946994163668151,0.0647209584213178,0.430212992754546,-0.057872929955284,-0.390516581017398,-0.0936270327410311
"PX_Last",0.267772475025501,0.267767785965931,1,-0.114489435770813,0.0237105862295767,0.00733701979951001,-0.234816178526444,0.240732194315201,0.010466420966486,0.521373390993536,0.135246392503711,0.0652612703425938,-0.0317546582505258,0.00499951496899253,-0.0357479935330504,0.0908655697074533,0.0760103683584721,0.014230170428544,0.0350685227772433,0.996763176329496,0.985727833792756,0.0684573655035286,-0.0124830908584933,-0.0210815683262473,-0.0563761878736082,-0.010458571564585,-0.034044583741712,-0.0598190474336993,-0.00454703106909097,-0.0312843517137414,-0.0553218940939582,0.0196300156983099,0.203340283857381,0.157610294748901,0.0584111341818547,0.212987998004115,0.143629735208447,0.277726108571636,0.0204825956315542,0.109030733650225,0.00169348743271187,-0.0600632361563675,0.105720293245466
"VOLUME",-0.00556695956255422,-0.00570672088298566,-0.114489435770813,1,0.0173942604971865,0.00322401956409359,-0.0716334132700801,0.245136376151742,0.00987788715031675,-0.0963240586616467,-0.00490050783055188,-0.0323947251274379,0.260239212818607,0.305833179380659,0.0706843557365964,0.0609308385572937,0.0718248841207326,0.172899795683244,0.143213561966532,-0.115121987695791,-0.116437417697063,0.0342824458022738,0.0223863355340977,0.0606223059653736,0.106135108306287,0.0219463295988951,0.0448085898437308,0.0449989878188963,0.0213116107173273,0.039243716819548,0.0446389262461037,-0.00763446374787725,-0.0034313001675395,-0.00291090167435268,-0.00133321199455446,-0.00393161618826141,-0.00481550958155333,-0.0111324091736012,-0.00698437137927426,0.163833026784333,0.224585854140843,-0.117818720052292,0.0843033769522751
"RETURN",-0.0049886945556758,-0.00381571335960831,0.0237105862295767,0.0173942604971865,1,0.00228840640028548,-0.047850642418916,0.0403780032475548,0.00241447674116028,0.0194229337742267,0.00366841761194131,0.0054117924303022,0.0184503583878447,0.0186504837760354,0.0074514154557644,0.0177138403548475,0.0163775381163164,0.00401346748533041,0.012038619805305,-0.00301409966946058,-0.00322373392952516,0.224467549272618,-0.0170040561905125,-0.0411141177663307,-0.00532622640446218,-0.0223035787465385,-0.0347949874689319,-0.00622592779414055,-0.0167297208925265,-0.0295819357603821,-0.00751635148267966,0.00425124855632674,-0.0318434990808475,-0.0300113936630474,-0.0232839319920849,-0.0278757978471852,-0.0108064697844147,0.0154158570038336,0.363568467357237,0.0434672918285762,0.0162304744254809,-0.00395196593297384,0.125627842129592
"PE_RATIO",0.0556526583522377,0.0555299904186112,0.00733701979951001,0.00322401956409359,0.00228840640028548,1,0.0254442688108113,0.00106389795863138,0.00216086082559153,0.0218910014026427,-0.00546409489515003,-0.0118923016190251,-0.00213901643470626,0.0104607264784587,-0.0264050936800012,0.0175597952411836,0.0100377820256704,0.0234945814623248,0.0063722999862657,0.00723494153249348,0.00625780078134179,0.00790833963049848,5.33584712999217e-05,0.0039937335146767,0.0423859298651236,-0.00100721198388553,0.00201609536547506,0.0244580152557738,-0.00122732075539609,0.00642733742436156,0.0233608299592127,0.00445005292933654,0.0253385098526467,-0.000166233999312519,0.0641191383631693,0.0289200274870599,0.0756649961610672,0.0537547435115235,0.00318919037255364,0.0565074830480565,-0.0182118109205956,-0.0667132582975242,0.00904928800595533
"Dividend_Yield",0.0391958894309626,0.0392061716549371,-0.234816178526444,-0.0716334132700801,-0.047850642418916,0.0254442688108113,1,-0.340437389481954,0.0565885454688749,-0.118539273413113,-0.0198795683294621,0.0663079621087377,-0.285096320863116,-0.241692199178891,-0.0605424126163059,-0.144857895870462,-0.145183754324296,0.089453289960648,0.0129282806959166,-0.23234056940956,-0.228401801720481,-0.202892968002487,-0.0116589874746543,-0.0420858160457276,-0.0980357452664551,-0.0177752124685277,-0.0495480938943967,-0.0834504013516805,-0.0220660195881397,-0.0475545952358548,-0.0810236273178972,-0.016210793875291,-0.014782041784619,-0.0394366542235099,0.00436583680165212,-0.0133644134366164,0.0395364694059027,0.0157106889949583,-0.00537847067440486,-0.0623128861578795,-0.185380569103513,-0.039542810290712,-0.285130566217772
"Price2Sales",0.117308367664646,0.117283646492437,0.240732194315201,0.245136376151742,0.0403780032475548,0.00106389795863138,-0.340437389481954,1,0.0409531202303769,0.0183728894043574,0.0327926057014526,-0.0371135844913761,0.354877854775243,0.419540785193112,0.494550588147247,0.534966323255083,0.419925829514156,0.0400227719379221,0.0931306538234247,0.237640944989888,0.227246901962862,0.154085419232252,0.00986779518672106,0.0365897435931948,0.077737346186671,0.0139746474949872,0.0355956203943214,0.0656989196393632,0.0197141747645827,0.0340528450747186,0.0588341812551245,0.0190947105614327,0.0750287444372752,0.0733682502561347,-0.0394784216131061,0.0802799515457162,0.0111041187029869,0.132824270318068,0.0176361884049749,0.0447107901213359,0.109030578099079,0.0280474618269344,0.238030862278237
"Price2CashF",-0.0616023319536254,-0.061522974041785,0.010466420966486,0.00987788715031675,0.00241447674116028,0.00216086082559153,0.0565885454688749,0.0409531202303769,1,0.00887807117870276,0.0103596685241822,-0.0159631013693562,-0.0248979311250619,0.0318430204026195,0.0717776952402866,0.0422212936471088,0.0307054801992413,0.0269759645523635,0.0206357001059139,0.0101366678470003,0.00898984430930782,0.0163686966892191,0.00797852987551988,0.0299744983753949,0.10078332715217,0.00406966858755854,0.0230216152787238,0.051958077392676,0.000636548550797216,0.017653413874575,0.0474173759845728,-0.00174739338330181,-0.0422669684858534,-0.0181119839147994,-0.0583685536679578,-0.0453200894832395,-0.0706737821274845,-0.059570578427282,-0.00207265161728603,-0.0884811671427582,-0.0693759787686088,0.0809047183481604,0.0357328561816959
"EPS",0.218703492482272,0.218806930286157,0.521373390993536,-0.0963240586616467,0.0194229337742267,0.0218910014026427,-0.118539273413113,0.0183728894043574,0.00887807117870276,1,0.1785008745489,0.0562820584453852,-0.017474956336488,-0.0173283243016437,-0.0285501868201976,0.32822645719732,0.508015820295853,0.165546268274096,0.105479887774083,0.521597811669042,0.516789978508615,0.0479469387320438,0.0316284099092638,0.0509770866713157,-0.00222604787137953,0.0195285143624154,0.0142150964822374,-0.0269470584509871,0.0135276361595939,0.0116997775750682,-0.0251513932182228,0.0322242496788316,0.193766050735848,0.15517906373304,0.0922889689067681,0.201154479064145,0.138409796137732,0.229673867946466,0.00697626215717888,0.099392858804225,-0.00351075325036629,-0.0489238985201272,0.086989741856548
"ROE",0.0851798066320357,0.0852367859146422,0.135246392503711,-0.00490050783055188,0.00366841761194131,-0.00546409489515003,-0.0198795683294621,0.0327926057014526,0.0103596685241822,0.1785008745489,1,0.63496162567603,-0.0334039788589585,-0.0536812891242084,-0.0139788820556653,0.0730282752174002,0.0841994222802401,0.0844285669318774,0.0749783413164438,0.136075148626453,0.134638168884673,0.0211988189235605,0.00788203691869247,0.01586611996806,0.0175544770423805,0.00807239060171052,0.0092413711784857,0.0049197182080087,0.00989182619623463,0.00829106774827369,0.00496880539266001,0.00121937917300109,0.0597234815300814,0.0478466985833611,0.000659171981149594,0.0605919478907078,0.0394016519269568,0.0822198359489283,0.00398100879270926,0.0111397923297285,0.0086461279811832,0.00274180787736861,0.0496868623295377
"Debt2Equity",0.0798500963270191,0.0799141378646166,0.0652612703425938,-0.0323947251274379,0.0054117924303022,-0.0118923016190251,0.0663079621087377,-0.0371135844913761,-0.0159631013693562,0.0562820584453852,0.63496162567603,1,-0.0948891836518744,-0.0998369794324209,0.00146102061912178,-0.00615643367649322,-0.0233540786082512,0.0304362972638881,0.0159130508330043,0.0652741228994266,0.0648288658900796,-0.00296435824072145,0.00796912748905838,0.0113070228347544,-0.00116110229771706,0.00850738446406524,0.0077603433796905,-0.00987876231050794,0.00579320430086403,0.00809396432164475,-0.00893952229372574,-0.00762199997405734,0.0391935281176597,0.0293258303910805,-0.0191482734886328,0.0425014571292368,0.0226326641319797,0.0745160681382373,0.00811598111116246,0.0430375809363234,-0.0063923893331123,-0.0323928325361416,0.00550544050133303
"Current_Ratio",-0.132866199111966,-0.13292571250696,-0.0317546582505258,0.260239212818607,0.0184503583878447,-0.00213901643470626,-0.285096320863116,0.354877854775243,-0.0248979311250619,-0.017474956336488,-0.0334039788589585,-0.0948891836518744,1,0.875239401222796,0.209050092441367,0.230332946197276,0.203744438787543,-0.0742020821857971,-0.00345445927378266,-0.0335569064835141,-0.0330769789361104,0.0632080792010078,0.0302893097512568,0.0573279426251076,0.102518807425448,0.0314623931063939,0.0548230416832523,0.0933251392919517,0.0344064447723367,0.0502952119978056,0.0888414795524702,-0.00846800042634508,-0.0944038464956852,-0.0672653472903653,-0.0348566716254389,-0.0959859871617506,-0.0863164067067547,-0.123325822057317,-0.00695284790937518,0.111257033363134,0.26122200311662,-0.0508608762086292,0.103745067194385
"Quick_Ratio",-0.133021376403224,-0.133086226734143,0.00499951496899253,0.305833179380659,0.0186504837760354,0.0104607264784587,-0.241692199178891,0.419540785193112,0.0318430204026195,-0.0173283243016437,-0.0536812891242084,-0.0998369794324209,0.875239401222796,1,0.300164284684826,0.265560593713947,0.2278712327567,0.0131601284691538,0.0661435277567606,0.00309198234847057,0.00401322949352573,0.0690982555477394,0.0316713189204249,0.0618346831666665,0.104314586043266,0.0314740596683615,0.0588645203641693,0.0884414174846409,0.0331153402940085,0.0541593792369801,0.0835173586391795,-0.00989135345842768,-0.098090754762571,-0.0687187569533309,-0.0448787610744931,-0.100254913947676,-0.0917688211321372,-0.126001986167158,-0.00599150158433753,0.0862126072556443,0.248132200397195,-0.0307378453244722,0.1076668771262
"Gross_Margin",0.00284985635737531,0.00285587208347321,-0.0357479935330504,0.0706843557365964,0.0074514154557644,-0.0264050936800012,-0.0605424126163059,0.494550588147247,0.0717776952402866,-0.0285501868201976,-0.0139788820556653,0.00146102061912178,0.209050092441367,0.300164284684826,1,0.496382481658106,0.377720324351476,0.10583548510506,0.0902395583222652,-0.0363077735798304,-0.0402161220316951,0.055835562123091,0.0202409083229633,0.0423256879908099,0.0560722924018506,0.0166580889840602,0.0342366592623567,0.05210436994612,0.0117147200995741,0.030178866259293,0.0440782745694164,-0.00233610326975874,0.00550321403481974,0.00711973612137516,0.00505086800801795,0.00587460701648975,0.00383966688368537,0.00554735506307308,-0.00137833950533433,-0.108987671507804,-0.0671249033596175,0.135646593879945,0.0905339993270631
"Operating_Margin",0.0166458500201072,0.0166489175632723,0.0908655697074533,0.0609308385572937,0.0177138403548475,0.0175597952411836,-0.144857895870462,0.534966323255083,0.0422212936471088,0.32822645719732,0.0730282752174002,-0.00615643367649322,0.230332946197276,0.265560593713947,0.496382481658106,1,0.712059128452701,0.237904666913532,0.167874452180446,0.0901416356416979,0.085879075365252,0.104923538095473,0.0403229917588189,0.0832985222200749,0.0642798594667351,0.0317964884928035,0.0614278836491843,0.0535842985988403,0.0258966032141906,0.0572982594780215,0.045848214143411,-0.0091908764266404,0.048059884757099,0.0581070375622271,0.0227201774896461,0.0496943020789608,0.00821081759950917,0.0324314811400884,-0.00713188639233492,-0.0734480328344136,0.0269287481490542,0.122025745448165,0.159584190516507
"Net_Profit_Mar",0.0498267760229446,0.0498655014744905,0.0760103683584721,0.0718248841207326,0.0163775381163164,0.0100377820256704,-0.145183754324296,0.419925829514156,0.0307054801992413,0.508015820295853,0.0841994222802401,-0.0233540786082512,0.203744438787543,0.2278712327567,0.377720324351476,0.712059128452701,1,0.178316891141251,0.136694003471118,0.0753656354660118,0.0706949023071401,0.0787611435931275,0.0357446598349544,0.0784827327310094,0.0584889921408608,0.0293414067983252,0.0595662242603217,0.0464717226873742,0.0254294838446749,0.0547443714780841,0.04012745164751,0.0101291624305517,0.0521733531950657,0.0551640645796321,0.011790271842468,0.0542935991332327,0.0187234629444733,0.0626872773523535,-0.00099563365794814,-0.0285554703135399,0.0189506775359006,0.0604478594523696,0.13149273929482
"EBITDA",0.145574591210605,0.145631581111438,0.014230170428544,0.172899795683244,0.00401346748533041,0.0234945814623248,0.089453289960648,0.0400227719379221,0.0269759645523635,0.165546268274096,0.0844285669318774,0.0304362972638881,-0.0742020821857971,0.0131601284691538,0.10583548510506,0.237904666913532,0.178316891141251,1,0.66233965812245,0.0140678711850097,0.00871461031362551,0.0217545755754238,0.0101701525257242,0.0204625942439514,-0.0202018732349164,0.00450861063669633,0.00722062254015023,-0.0618967398643599,0.00044345080336497,0.00421186328870889,-0.0604221651695148,0.00689026969713233,0.123348767065912,0.0972112818643467,0.0588741457031177,0.128120587215745,0.0942050700129333,0.150626965450417,0.00511154879362017,-0.0114760833015709,0.0245970525151887,0.0342139737945604,0.0437669736176479
"Free_CF",0.097144692441285,0.0972172734421127,0.0350685227772433,0.143213561966532,0.012038619805305,0.0063722999862657,0.0129282806959166,0.0931306538234247,0.0206357001059139,0.105479887774083,0.0749783413164438,0.0159130508330043,-0.00345445927378266,0.0661435277567606,0.0902395583222652,0.167874452180446,0.136694003471118,0.66233965812245,1,0.0343206467544698,0.0291714208771593,0.045571010398959,0.0289627987750171,0.0569285593144235,0.0410029547969741,0.0225722446186462,0.040139574450967,0.0138513099346798,0.0167318588805408,0.0347890987285161,0.0103354051998381,0.0146382044745455,0.068168381745869,0.0563409237394723,0.0130591250088763,0.0714155337385098,0.0428403765067773,0.10107806671926,0.00797988686863564,0.00627547030788197,0.0375210870960299,0.0220516585039216,0.0739817245526185
"MA_7",0.271335925922665,0.271240499133112,0.996763176329496,-0.115121987695791,-0.00301409966946058,0.00723494153249348,-0.23234056940956,0.237640944989888,0.0101366678470003,0.521597811669042,0.136075148626453,0.0652741228994266,-0.0335569064835141,0.00309198234847057,-0.0363077735798304,0.0901416356416979,0.0753656354660118,0.0140678711850097,0.0343206467544698,1,0.987147508312395,0.0465760414963765,-0.0101854700769466,-0.0174554479974451,-0.0560911498845938,-0.00849178798912608,-0.0311427817454116,-0.0596672237184348,-0.00297328688157561,-0.0286557872357561,-0.0551119385996506,0.020519801083096,0.208991677171175,0.162549386248064,0.0603222787721,0.218320045283961,0.144675982156541,0.279180601201472,0.0138358554530695,0.108429675479115,0.00188410486922926,-0.0625102245643,0.0954232221233237
"MA_28",0.262670734719685,0.262668016998368,0.985727833792756,-0.116437417697063,-0.00322373392952516,0.00625780078134179,-0.228401801720481,0.227246901962862,0.00898984430930782,0.516789978508615,0.134638168884673,0.0648288658900796,-0.0330769789361104,0.00401322949352573,-0.0402161220316951,0.085879075365252,0.0706949023071401,0.00871461031362551,0.0291714208771593,0.987147508312395,1,-0.00207089080679889,-0.00654784928901021,-0.0158662923057132,-0.0551929714710083,-0.00510118214563983,-0.0300144300269455,-0.0564607362852948,8.72621297897665e-06,-0.0275216336060013,-0.0515658248842996,0.0169129218914364,0.216727476355001,0.170258008308274,0.0716961468996934,0.225148205878461,0.14345259899891,0.270338578035055,0.00655681433986322,0.102181153263106,-0.00736831855629985,-0.0690420886788067,0.0518464028763777
"RSI",-0.102549728149688,-0.102466911902939,0.0684573655035286,0.0342824458022738,0.224467549272618,0.00790833963049848,-0.202892968002487,0.154085419232252,0.0163686966892191,0.0479469387320438,0.0211988189235605,-0.00296435824072145,0.0632080792010078,0.0690982555477394,0.055835562123091,0.104923538095473,0.0787611435931275,0.0217545755754238,0.045571010398959,0.0465760414963765,-0.00207089080679889,1,-0.0424918806765433,-0.026685510038228,0.0508775860608541,-0.0434230288111667,-0.0136650651373998,0.0281211331843487,-0.0418495696910178,-0.0111989175471917,0.0219325267827228,-0.000836303150084527,-0.104296744379031,-0.0474978604147671,-0.103676237767595,-0.104215532516784,-0.09059383544916,-0.0578210144618815,0.061933997717758,-0.0487923620152053,0.0224963200662763,0.162642514630902,0.516632368263552
"Short_Term_Return",-0.0244656819157194,-0.0239108494432422,-0.0124830908584933,0.0223863355340977,-0.0170040561905125,5.33584712999217e-05,-0.0116589874746543,0.00986779518672106,0.00797852987551988,0.0316284099092638,0.00788203691869247,0.00796912748905838,0.0302893097512568,0.0316713189204249,0.0202409083229633,0.0403229917588189,0.0357446598349544,0.0101701525257242,0.0289627987750171,-0.0101854700769466,-0.00654784928901021,-0.0424918806765433,1,0.431274685848127,0.184650675184819,0.854826097376801,0.366841182807245,0.160380098256387,0.691511413209139,0.323054573621193,0.151815915303388,0.00776007233405781,-0.0615719662807608,-0.0542795311340143,-0.037898208835637,-0.0547269081534872,-0.0237268937009812,-0.0562358333512274,0.00410749380581212,0.0509347468253276,0.0193661823736675,-0.0535851314901092,-0.0123807079156116
"Mid_Term_Return",-0.0749457052587577,-0.075522690362078,-0.0210815683262473,0.0606223059653736,-0.0411141177663307,0.0039937335146767,-0.0420858160457276,0.0365897435931948,0.0299744983753949,0.0509770866713157,0.01586611996806,0.0113070228347544,0.0573279426251076,0.0618346831666665,0.0423256879908099,0.0832985222200749,0.0784827327310094,0.0204625942439514,0.0569285593144235,-0.0174554479974451,-0.0158662923057132,-0.026685510038228,0.431274685848127,1,0.421333360596396,0.381237446680006,0.813758908660806,0.351726915448085,0.313793899336186,0.713673311642352,0.331980743323645,-0.00152866171739727,-0.12134335105522,-0.103693286529994,-0.0912867964082064,-0.109565756427402,-0.082746366958361,-0.120458884721172,-0.041372268395815,0.0979951504546433,0.0358693050342384,-0.0904423565967025,-0.0051978612168999
"Long_Term_Return",-0.197436746952427,-0.197269969434797,-0.0563761878736082,0.106135108306287,-0.00532622640446218,0.0423859298651236,-0.0980357452664551,0.077737346186671,0.10078332715217,-0.00222604787137953,0.0175544770423805,-0.00116110229771706,0.102518807425448,0.104314586043266,0.0560722924018506,0.0642798594667351,0.0584889921408608,-0.0202018732349164,0.0410029547969741,-0.0560911498845938,-0.0551929714710083,0.0508775860608541,0.184650675184819,0.421333360596396,1,0.183629873620571,0.394652601887133,0.787998280923309,0.15500419605136,0.34955711645513,0.736819534591662,-0.0573380426109489,-0.212965694810715,-0.167747108875499,-0.201757484640899,-0.224813572203014,-0.20540446588354,-0.256789938363516,-0.0294958300877293,0.0835897433750422,0.0847749658615561,-0.0552831688542672,0.117820763757157
"Short_Term_Return_Category",-0.0246678227475243,-0.0242992945354006,-0.010458571564585,0.0219463295988951,-0.0223035787465385,-0.00100721198388553,-0.0177752124685277,0.0139746474949872,0.00406966858755854,0.0195285143624154,0.00807239060171052,0.00850738446406524,0.0314623931063939,0.0314740596683615,0.0166580889840602,0.0317964884928035,0.0293414067983252,0.00450861063669633,0.0225722446186462,-0.00849178798912608,-0.00510118214563983,-0.0434230288111667,0.854826097376801,0.381237446680006,0.183629873620571,1,0.37374922346171,0.166284002866105,0.876411303403506,0.334298841086358,0.158042474317611,-0.0040124660926619,-0.0596840375993305,-0.0499497571478247,-0.0487014219536969,-0.0573675909556779,-0.0234074109186606,-0.0593714374411114,-0.00250835954644777,0.0349994506409886,0.0225286890407366,-0.0359453667767213,-0.00820165404020402
"Mid_Term_Return_Category",-0.104183038823323,-0.104772430422909,-0.034044583741712,0.0448085898437308,-0.0347949874689319,0.00201609536547506,-0.0495480938943967,0.0355956203943214,0.0230216152787238,0.0142150964822374,0.0092413711784857,0.0077603433796905,0.0548230416832523,0.0588645203641693,0.0342366592623567,0.0614278836491843,0.0595662242603217,0.00722062254015023,0.040139574450967,-0.0311427817454116,-0.0300144300269455,-0.0136650651373998,0.366841182807245,0.813758908660806,0.394652601887133,0.37374922346171,1,0.3711832183343,0.323097011053175,0.928086460188422,0.352925582538111,-0.0161047046155777,-0.132847040287043,-0.102078186118751,-0.103601121669393,-0.127167990583721,-0.100744768658762,-0.145532893667419,-0.0343266690435532,0.0568812566180968,0.0486478732447351,-0.0509775010195906,0.00478432115153528
"Long_Term_Return_Category",-0.234557704543943,-0.234401351262281,-0.0598190474336993,0.0449989878188963,-0.00622592779414055,0.0244580152557738,-0.0834504013516805,0.0656989196393632,0.051958077392676,-0.0269470584509871,0.0049197182080087,-0.00987876231050794,0.0933251392919517,0.0884414174846409,0.05210436994612,0.0535842985988403,0.0464717226873742,-0.0618967398643599,0.0138513099346798,-0.0596672237184348,-0.0564607362852948,0.0281211331843487,0.160380098256387,0.351726915448085,0.787998280923309,0.166284002866105,0.3711832183343,1,0.139644130887601,0.335735972500204,0.966507155255475,-0.0526330704831992,-0.242816612202254,-0.189906665402095,-0.204400316996825,-0.255414202632628,-0.224342611045655,-0.284044901358072,-0.030232701506592,0.0317609293945175,0.0706213374670808,-0.0182817976943695,0.069583749980754
"Short_Term_Positive_Binary",-0.010601772930438,-0.0100246293590085,-0.00454703106909097,0.0213116107173273,-0.0167297208925265,-0.00122732075539609,-0.0220660195881397,0.0197141747645827,0.000636548550797216,0.0135276361595939,0.00989182619623463,0.00579320430086403,0.0344064447723367,0.0331153402940085,0.0117147200995741,0.0258966032141906,0.0254294838446749,0.00044345080336497,0.0167318588805408,-0.00297328688157561,8.72621297897665e-06,-0.0418495696910178,0.691511413209139,0.313793899336186,0.15500419605136,0.876411303403506,0.323097011053175,0.139644130887601,1,0.291121297016051,0.13362849970626,-0.00865370757099575,-0.0366517581827799,-0.0280789074790937,-0.0452605379032239,-0.0353299655958469,-0.0188401686696955,-0.0427129488362795,0.0020155970187831,0.0433957082136289,0.0269244388082025,-0.0434624144792146,-0.0104198803173541
"Mid_Term_Positive_Binary",-0.092636505991147,-0.0932469047381841,-0.0312843517137414,0.039243716819548,-0.0295819357603821,0.00642733742436156,-0.0475545952358548,0.0340528450747186,0.017653413874575,0.0116997775750682,0.00829106774827369,0.00809396432164475,0.0502952119978056,0.0541593792369801,0.030178866259293,0.0572982594780215,0.0547443714780841,0.00421186328870889,0.0347890987285161,-0.0286557872357561,-0.0275216336060013,-0.0111989175471917,0.323054573621193,0.713673311642352,0.34955711645513,0.334298841086358,0.928086460188422,0.335735972500204,0.291121297016051,1,0.320401795746492,-0.0144388951266062,-0.116209476517399,-0.0873112587258379,-0.0940305627065173,-0.111468813979278,-0.0918608643833854,-0.128490108553551,-0.0299556498643734,0.0542385836326048,0.048340604164331,-0.0490950785378569,0.00173779581251228
"Long_Term_Positive_Binary",-0.217284434648119,-0.21713472592658,-0.0553218940939582,0.0446389262461037,-0.00751635148267966,0.0233608299592127,-0.0810236273178972,0.0588341812551245,0.0474173759845728,-0.0251513932182228,0.00496880539266001,-0.00893952229372574,0.0888414795524702,0.0835173586391795,0.0440782745694164,0.045848214143411,0.04012745164751,-0.0604221651695148,0.0103354051998381,-0.0551119385996506,-0.0515658248842996,0.0219325267827228,0.151815915303388,0.331980743323645,0.736819534591662,0.158042474317611,0.352925582538111,0.966507155255475,0.13362849970626,0.320401795746492,1,-0.0512679648637191,-0.226757037932407,-0.177996319958001,-0.188995728698992,-0.23833999244512,-0.206326403494779,-0.26444664756398,-0.0292647241488311,0.035905824822734,0.0716096159669596,-0.0238658998965944,0.0589985197243085
"GDP",0.0211649805392262,0.0211669343681589,0.0196300156983099,-0.00763446374787725,0.00425124855632674,0.00445005292933654,-0.016210793875291,0.0190947105614327,-0.00174739338330181,0.0322242496788316,0.00121937917300109,-0.00762199997405734,-0.00846800042634508,-0.00989135345842768,-0.00233610326975874,-0.0091908764266404,0.0101291624305517,0.00689026969713233,0.0146382044745455,0.020519801083096,0.0169129218914364,-0.000836303150084527,0.00776007233405781,-0.00152866171739727,-0.0573380426109489,-0.0040124660926619,-0.0161047046155777,-0.0526330704831992,-0.00865370757099575,-0.0144388951266062,-0.0512679648637191,1,0.018466122416293,0.042418225022743,0.0292495873241003,0.0287571635363106,-0.010870866932402,0.0826361724774343,0.00193103869160164,-0.0126011818258279,-0.00426043289315029,0.0239099117116649,0.0549492862463404
"CPI",0.688150888866633,0.688291083854802,0.203340283857381,-0.0034313001675395,-0.0318434990808475,0.0253385098526467,-0.014782041784619,0.0750287444372752,-0.0422669684858534,0.193766050735848,0.0597234815300814,0.0391935281176597,-0.0944038464956852,-0.098090754762571,0.00550321403481974,0.048059884757099,0.0521733531950657,0.123348767065912,0.068168381745869,0.208991677171175,0.216727476355001,-0.104296744379031,-0.0615719662807608,-0.12134335105522,-0.212965694810715,-0.0596840375993305,-0.132847040287043,-0.242816612202254,-0.0366517581827799,-0.116209476517399,-0.226757037932407,0.018466122416293,1,0.929609493227158,0.367820207112312,0.993415031376374,0.362678342699999,0.749399703262889,-0.01830731524958,0.123678711276924,-0.112493102916473,-0.0884994884673095,-0.0858247109993274
"PPI",0.494158137304767,0.494500438353713,0.157610294748901,-0.00291090167435268,-0.0300113936630474,-0.000166233999312519,-0.0394366542235099,0.0733682502561347,-0.0181119839147994,0.15517906373304,0.0478466985833611,0.0293258303910805,-0.0672653472903653,-0.0687187569533309,0.00711973612137516,0.0581070375622271,0.0551640645796321,0.0972112818643467,0.0563409237394723,0.162549386248064,0.170258008308274,-0.0474978604147671,-0.0542795311340143,-0.103693286529994,-0.167747108875499,-0.0499497571478247,-0.102078186118751,-0.189906665402095,-0.0280789074790937,-0.0873112587258379,-0.177996319958001,0.042418225022743,0.929609493227158,1,0.209229129034526,0.915012844977932,0.10365276069904,0.60341092305131,-0.0301763697304028,0.024686117391923,-0.1033017136292,0.0148555549381987,0.0106787525146089
"LongBond_Interest",0.252071016489466,0.25097401181244,0.0584111341818547,-0.00133321199455446,-0.0232839319920849,0.0641191383631693,0.00436583680165212,-0.0394784216131061,-0.0583685536679578,0.0922889689067681,0.000659171981149594,-0.0191482734886328,-0.0348566716254389,-0.0448787610744931,0.00505086800801795,0.0227201774896461,0.011790271842468,0.0588741457031177,0.0130591250088763,0.0603222787721,0.0716961468996934,-0.103676237767595,-0.037898208835637,-0.0912867964082064,-0.201757484640899,-0.0487014219536969,-0.103601121669393,-0.204400316996825,-0.0452605379032239,-0.0940305627065173,-0.188995728698992,0.0292495873241003,0.367820207112312,0.209229129034526,1,0.377521423747322,0.798712458481542,0.209819185804429,-0.0352042891729257,-0.152729477301842,-0.0646714606623094,0.14591273134214,-0.145756781155895
"PCE_DEFY",0.714533807796628,0.714583921931771,0.212987998004115,-0.00393161618826141,-0.0278757978471852,0.0289200274870599,-0.0133644134366164,0.0802799515457162,-0.0453200894832395,0.201154479064145,0.0605919478907078,0.0425014571292368,-0.0959859871617506,-0.100254913947676,0.00587460701648975,0.0496943020789608,0.0542935991332327,0.128120587215745,0.0714155337385098,0.218320045283961,0.225148205878461,-0.104215532516784,-0.0547269081534872,-0.109565756427402,-0.224813572203014,-0.0573675909556779,-0.127167990583721,-0.255414202632628,-0.0353299655958469,-0.111468813979278,-0.23833999244512,0.0287571635363106,0.993415031376374,0.915012844977932,0.377521423747322,1,0.383398298133205,0.783595267679132,-0.0127869015265941,0.147066357343233,-0.110613177800246,-0.107156260624305,-0.0851706704009946
"ShortTerm_Int",0.625211667883328,0.624310336215639,0.143629735208447,-0.00481550958155333,-0.0108064697844147,0.0756649961610672,0.0395364694059027,0.0111041187029869,-0.0706737821274845,0.138409796137732,0.0394016519269568,0.0226326641319797,-0.0863164067067547,-0.0917688211321372,0.00383966688368537,0.00821081759950917,0.0187234629444733,0.0942050700129333,0.0428403765067773,0.144675982156541,0.14345259899891,-0.09059383544916,-0.0237268937009812,-0.082746366958361,-0.20540446588354,-0.0234074109186606,-0.100744768658762,-0.224342611045655,-0.0188401686696955,-0.0918608643833854,-0.206326403494779,-0.010870866932402,0.362678342699999,0.10365276069904,0.798712458481542,0.383398298133205,1,0.491002232627986,0.0276813060028356,0.120948362162386,-0.0448878144782739,-0.124327201122304,-0.170225611436632
"Market_Index",0.947016840493077,0.946994163668151,0.277726108571636,-0.0111324091736012,0.0154158570038336,0.0537547435115235,0.0157106889949583,0.132824270318068,-0.059570578427282,0.229673867946466,0.0822198359489283,0.0745160681382373,-0.123325822057317,-0.126001986167158,0.00554735506307308,0.0324314811400884,0.0626872773523535,0.150626965450417,0.10107806671926,0.279180601201472,0.270338578035055,-0.0578210144618815,-0.0562358333512274,-0.120458884721172,-0.256789938363516,-0.0593714374411114,-0.145532893667419,-0.284044901358072,-0.0427129488362795,-0.128490108553551,-0.26444664756398,0.0826361724774343,0.749399703262889,0.60341092305131,0.209819185804429,0.783595267679132,0.491002232627986,1,0.0729596220496501,0.364656540358512,-0.0697160266089161,-0.308313157413302,-0.0268803963048433
"Market_Return",0.064648799344126,0.0647209584213178,0.0204825956315542,-0.00698437137927426,0.363568467357237,0.00318919037255364,-0.00537847067440486,0.0176361884049749,-0.00207265161728603,0.00697626215717888,0.00398100879270926,0.00811598111116246,-0.00695284790937518,-0.00599150158433753,-0.00137833950533433,-0.00713188639233492,-0.00099563365794814,0.00511154879362017,0.00797988686863564,0.0138358554530695,0.00655681433986322,0.061933997717758,0.00410749380581212,-0.041372268395815,-0.0294958300877293,-0.00250835954644777,-0.0343266690435532,-0.030232701506592,0.0020155970187831,-0.0299556498643734,-0.0292647241488311,0.00193103869160164,-0.01830731524958,-0.0301763697304028,-0.0352042891729257,-0.0127869015265941,0.0276813060028356,0.0729596220496501,1,0.0598703552651046,0.00521369736657856,-0.0490636535299657,0.04395969125078
"Rolling_Volatility",0.429898252386275,0.430212992754546,0.109030733650225,0.163833026784333,0.0434672918285762,0.0565074830480565,-0.0623128861578795,0.0447107901213359,-0.0884811671427582,0.099392858804225,0.0111397923297285,0.0430375809363234,0.111257033363134,0.0862126072556443,-0.108987671507804,-0.0734480328344136,-0.0285554703135399,-0.0114760833015709,0.00627547030788197,0.108429675479115,0.102181153263106,-0.0487923620152053,0.0509347468253276,0.0979951504546433,0.0835897433750422,0.0349994506409886,0.0568812566180968,0.0317609293945175,0.0433957082136289,0.0542385836326048,0.035905824822734,-0.0126011818258279,0.123678711276924,0.024686117391923,-0.152729477301842,0.147066357343233,0.120948362162386,0.364656540358512,0.0598703552651046,1,0.466613469733109,-0.886279333948834,-0.165757625808968
"Rolling_Beta",-0.0580450672819165,-0.057872929955284,0.00169348743271187,0.224585854140843,0.0162304744254809,-0.0182118109205956,-0.185380569103513,0.109030578099079,-0.0693759787686088,-0.00351075325036629,0.0086461279811832,-0.0063923893331123,0.26122200311662,0.248132200397195,-0.0671249033596175,0.0269287481490542,0.0189506775359006,0.0245970525151887,0.0375210870960299,0.00188410486922926,-0.00736831855629985,0.0224963200662763,0.0193661823736675,0.0358693050342384,0.0847749658615561,0.0225286890407366,0.0486478732447351,0.0706213374670808,0.0269244388082025,0.048340604164331,0.0716096159669596,-0.00426043289315029,-0.112493102916473,-0.1033017136292,-0.0646714606623094,-0.110613177800246,-0.0448878144782739,-0.0697160266089161,0.00521369736657856,0.466613469733109,1,-0.418459153880914,-0.0271595283724919
"Rolling_VaR",-0.39014732683429,-0.390516581017398,-0.0600632361563675,-0.117818720052292,-0.00395196593297384,-0.0667132582975242,-0.039542810290712,0.0280474618269344,0.0809047183481604,-0.0489238985201272,0.00274180787736861,-0.0323928325361416,-0.0508608762086292,-0.0307378453244722,0.135646593879945,0.122025745448165,0.0604478594523696,0.0342139737945604,0.0220516585039216,-0.0625102245643,-0.0690420886788067,0.162642514630902,-0.0535851314901092,-0.0904423565967025,-0.0552831688542672,-0.0359453667767213,-0.0509775010195906,-0.0182817976943695,-0.0434624144792146,-0.0490950785378569,-0.0238658998965944,0.0239099117116649,-0.0884994884673095,0.0148555549381987,0.14591273134214,-0.107156260624305,-0.124327201122304,-0.308313157413302,-0.0490636535299657,-0.886279333948834,-0.418459153880914,1,0.385454870579831
"Rolling_Sharpe_Ratio",-0.0937457396449818,-0.0936270327410311,0.105720293245466,0.0843033769522751,0.125627842129592,0.00904928800595533,-0.285130566217772,0.238030862278237,0.0357328561816959,0.086989741856548,0.0496868623295377,0.00550544050133303,0.103745067194385,0.1076668771262,0.0905339993270631,0.159584190516507,0.13149273929482,0.0437669736176479,0.0739817245526185,0.0954232221233237,0.0518464028763777,0.516632368263552,-0.0123807079156116,-0.0051978612168999,0.117820763757157,-0.00820165404020402,0.00478432115153528,0.069583749980754,-0.0104198803173541,0.00173779581251228,0.0589985197243085,0.0549492862463404,-0.0858247109993274,0.0106787525146089,-0.145756781155895,-0.0851706704009946,-0.170225611436632,-0.0268803963048433,0.04395969125078,-0.165757625808968,-0.0271595283724919,0.385454870579831,1
